 	Area	Mean	Min	Max	Angle	Length
1	0.859	169.126	164.637	171.000	-0.533	19.196
2	0.849	169.206	167.002	171.000	-27.168	18.967
3	0.883	169.082	166.667	171.000	7.286	19.712
4	0.984	168.620	160.365	171.000	-15.786	21.989
5	1.054	167.899	156.333	171.000	35.437	23.560
6	0.994	168.580	158.683	171.182	-11.355	22.220
7	1.401	163.435	144.494	171.000	-1.142	31.344
8	1.403	163.633	144.677	171.000	-37.718	31.377
9	1.387	163.492	141.535	171.000	5.612	31.040
10	1.658	160.096	131.637	171.130	-17.650	37.102
11	1.652	160.128	132.617	171.000	21.236	36.974
12	1.632	160.108	131.333	171.000	0.000	36.516
13	2.184	148.583	97.870	171.099	-11.166	48.870
14	2.186	148.407	94.250	171.117	3.661	48.937
15	2.204	147.789	95.667	171.000	-57.115	49.332
