 	Area	Mean	Min	Max	Angle	Length
1	1.044	165.648	155.180	171.000	0.774	21.503
2	1.041	165.725	156.990	170.901	-18.680	21.470
3	1.053	165.395	156.167	171.203	38.660	21.705
4	1.224	163.616	143.437	171.000	-2.862	25.213
5	1.231	163.739	145.189	171.000	-32.538	25.389
6	1.252	163.197	145.667	171.111	38.760	25.835
7	1.733	155.958	131.333	171.000	-1.552	35.751
8	1.749	155.941	129.492	171.114	-40.318	36.075
9	1.710	156.262	126.670	171.000	30.721	35.263
10	2.003	151.783	115.632	171.000	-4.976	41.317
11	2.054	151.115	114.667	171.000	-40.644	42.377
12	2.045	151.156	114.342	171.253	34.055	42.201
13	2.694	138.271	73.559	171.000	0.100	55.593
14	2.725	138.126	81.000	171.016	23.341	56.223
15	2.697	137.624	26.076	171.000	-48.317	55.634
