 	Area	Mean	Min	Max	Angle	Length
1	0.976	165.018	154.689	171.333	-6.710	19.991
2	0.980	165.120	155.371	171.294	-25.201	20.114
3	0.987	164.887	154.179	171.218	11.094	20.232
4	1.137	163.119	146.000	171.307	-24.424	23.302
5	1.167	162.273	139.932	171.191	39.060	23.939
6	1.137	163.001	145.347	171.270	-24.424	23.302
7	1.613	153.815	122.625	171.289	13.791	33.070
8	1.631	153.802	121.661	171.333	-38.868	33.499
9	1.620	153.601	121.262	171.333	46.542	33.251
10	1.890	148.877	109.333	171.175	-13.932	38.805
11	1.882	148.666	107.190	171.249	18.207	38.624
12	1.911	148.514	110.980	171.333	-37.638	39.205
13	2.550	133.043	71.625	171.250	14.863	52.359
14	2.515	133.690	73.256	171.274	-4.539	51.646
15	2.543	133.329	71.662	171.235	-43.035	52.194
